32
97
28
92
25
64
22
55
45
8
88
77
92
39
94
40
19
24
7
53
44
67
63
31
82
29
53
10
69
38
36
99
59
56
37
22
74
38
97
91
81
67
58
49
43
9
100
61
47
23
34
47
10
51
43
20
7
72
35
17
81
36
51
79
80
54
8
72
90
48
56
78
97
84
64
7
1
53
13
33
40
45
82
100
34
93
84
66
67
61
97
79
24
83
72
66
93
30
53
12
30
96
57
44
57
73
36
11
4
67
23
26
65
28
54
59
3
51
74
5
9
67
37
69
56
9
62
26
5
97
61
60
57
92
29
13
77
10
28
16
88
79
12
44
28
32
10
61
13
99
37
50
8
35
54
78
72
55
95
9
4
10
99
8
76
66
3
58
74
78
99
63
72
76
5
5
52
68
99
69
97
11
76
91
46
60
72
12
34
97
77
34
74
66
59
78
94
40
5
17
94
73
98
95
73
36
45
82
13
64
32
8
3
1
81
66
10
79
68
97
11
3
25
93
6
28
70
92
56
79
89
20
18
40
56
42
55
66
70
4
51
29
61
2
10
30
6
50
88
51
77
77
6
49
7
90
10
8
27
66
41
27
16
50
51
10
9
18
52
37
58
50
70
74
31
50
58
78
71
47
64
12
19
33
71
59
47
34
57
59
30
5
58
56
93
67
63
15
89
87
27
62
30
32
58
71
33
70
8
73
26
61
29
11
95
1
27
69
28
67
39
72
23
17
34
46
54
95
43
64
73
54
54
82
26
54
11
61
47
19
32
99
86
32
61
63
64
93
6
99
52
59
52
96
71
82
58
49
17
86
96
85
56
19
33
39
82
4
61
19
17
84
37
87
34
60
63
64
82
24
55
12
29
69
96
2
21
83
18
65
87
9
92
40
46
50
45
10
25
43
68
54
36
11
100
15
51
98
19
87
17
3
19
70
3
85
100
30
29
21
29
53
16
78
29
95
23
66
62
83
80
1
24
61
99
85
44
22
4
89
65
60
38
70
81
39
84
79
54
13
28
96
39
67
68
99
21
78
100
12
63
38
43
96
93
37
62
53
2
19
7
92
69
65
76
96
74
77
70
39
91
50
17
3
45
65
2
95
22
68
96
67
68
6
10
39
47
57
33
72
73
56
54
66
87
80
99
74
5
82
38
21
51
58
28
95
87
53
87
2
66
89
72
9
94
69
24
74
18
97
25
18
94
95
62
40
11
41
71
47
7
75
12
66
50
52
77
39
24
81
59
16
51
2
66
11
17
14
87
57
91
62
1
74
77
53
47
63
13
79
25
96
48
24
100
97
92
24
33
69
17
50
46
38
71
54
8
88
28
56
69
96
84
35
30
9
5
10
13
96
22
98
64
33
7
81
73
30
78
99
31
2
9
68
28
67
8
18
69
34
52
69
3
20
98
16
58
99
82
18
91
17
36
71
72
5
84
90
49
65
6
80
43
69
1
39
88
58
77
77
90
50
68
3
80
15
22
70
43
59
65
97
39
76
88
25
74
46
100
7
10
34
73
20
54
60
76
39
83
73
6
39
57
71
93
39
2
23
42
97
64
70
26
67
63
16
34
93
21
85
43
55
53
41
20
46
31
68
87
44
53
87
94
65
52
82
54
29
55
3
63
83
30
44
52
16
99
49
42
58
57
21
56
84
1
55
61
99
10
24
5
61
2
96
91
54
91
79
32
1
100
75
38
23
76
60
43
63
81
23
69
68
2
88
63
56
56
79
38
70
75
49
23
20
25
85
16
63
88
70
50
15
9
68
45
2
94
35
28
58
47
27
65
32
1
83
53
61
4
93
81
75
47
71
100
43
63
24
29
23
25
70
21
95
85
72
98
30
32
49
83
63
10
23
91
45
9
57
22
29
70
73
48
59
69
46
45
36
68
11
62
94
37
47
97
37
78
61
35
59
34
9
67
32
98
89
48
44
82
95
53
77
85
71
41
81
1
1
34
21
88
65
91
13
33
3
77
9
66
57
82
11
77
36
21
75
55
92
66
88
5
69
3
37
83
19
22
45
24
89
69
79
95
70
20
27
11
88
69
26
22
18
21
5
56
21
20
5
76
96
23
73
81
78
47
73
58
14
81
12
72
41
57
74
24
78
60
85
9
43
2
62
93
27
70
66
84
66
45
34
95
73
53
28
98
71
58
45
79
6
88
89
7
94
8
6
72
5
61
98
23
31
100
91
9
41
12
100
16
33
7
50
58
88
50
28
16
40
47
81
90
25
6
25
57
80
59
35
99
92
